[124.75166,
118.675,
121.99166,
128.01683,
126.8965,
143.60483,
152.6685,
177.71166,
201.33316,
188.3985,
198.79333,
201.24116,
248.32116,
343.67975,
339.795,
415.93975,
512.16999,
580.11375,
823.41525,
904.585,
1157.49894,
1049.67916,
1144.36916,
845.85092,
975.62383,
897.30915,
757.02366,
733.23666,
685.3675,
780.93666,
759.6362,
774.26333,
873.98,
970.22516,
902.035,
873.27168,
879.62999,
885.16166,
874.13266,
876.24165,
860.24269,
852.3975,
856.03366,
815.79724,
711.97109,
671.9975,
657.99749,
641.37249,
581.24,
583.135,
583.7825,
568.275,
666.3275,
626.25,
645.75,
636.75668,
630.77666,
604.52831,
570.33081,
589.95497,
504.21231,
500.64066,
455.99333,
458.925,
427.5385,
425.68516,
543.31749,
511.76836,
498.59166,
472.48499,
445.73085,
459.42666,
438.44883,
446.35999,
453.54333,
439.51833,
447.15166,
458.23333,
535.09,
589.945,
576.55666,
638.94666,
675.73833,
657.94166,
653.34666,
633.66166,
593.54833,
612.85666,
603.205,
588.78,
600.72,
647.12249,
646.88375,
632.575,
624.01,
635.04625,
622.46124,
628.54499,
622.20624,
618.26374,
595.87875,
581.28125]